[wp1.jpg]
filters=fill=1,0.663551;
moddate=002196c9a1b7ce01
width=600
height=375
textactive=0
[wp1.1.jpg]
filters=fill=1,0.794393;
moddate=0093d07a71b7ce01
width=600
height=375
textactive=0
[wp1_2.jpg]
filters=fill=1,1.000000;
moddate=002196c9a1b7ce01
width=600
height=375
textactive=0
